34603008
213876741
7716872
1212428
16083629
262160
49171
2392090
344092
5767197
1097762
901163
23281712
1933361
1556533
40255544
19955769
933946
49214
8372287
165068864
1357152
80773187
1130564
4573878
6796641
1491016
1998921
19251274
704588
2605134
4423759
3326032
165183571
1146964
23822427
17432670
65077343
4587616
426000
33947746
1399923
7422054
98408
93416125
963944
983154
1654899
1359988
5324917
124174457
45564026
6455675
6914172
3254845
19234945
74350722
17186947
5439620
434198
2752646
1968833
3227786
6676503
5292175
1654929
2572434
2359443
173342868
7323797
41418903
73482392
7012505
576197
35143844
4571301
9371816
17383593
690887
19332660
20037805
2506926
1654961
557235
1147062
1971572
3473597
1323547
1671361
3342530
1537398
14172362
1671371
43368653
9797839
76742866
153600211
23511255
7946456
157221084
2326749
59867362
245987
147684
1589478
4047079
1065193
131306
17514732
1389949
94847218
5669108
1474806
5685500
8676129
13435134
11288832
164097
25826689
8175880
87519412
1999118
88310039
4218927
73115
257516
2523423
3784992
1208436
8334043
5013796
442662
49758503
2588969
164138
229675
23134508
32473395
3572021
26198328
2490681
189808954
62858
16253247
344384
1999172
917829
7930183
19786129
1179980
2163022
1504653
2294099
2343252
341
9797975
3719513
41664864
97141091
5013860
426341
20169067
2310508
5931376
3113329
6160754
3978643
132563316
13304181
491896
2163067
115068
115070
57442695
311688
1966474
1786252
16860155
3490192
1753489
1114515
13929198
1311126
16791
4456857
144782746
15761825
12943778
623016
262570
2507182
147892
2326972
13221962
1130942
16908735
377280
229827
5477793
5013960
53707212
464
4096465
737358
18770681
28721627
197085
16865
9535971
15909349
754152
2902780
5376014
42142733
16122349
295406
377327
16467
795650
2785781
14516726
1966164
101040634
131579
3768829
3047935
2867713
136716374
27279878
16904
3015177
40645158
2829058
66585103
9912849
8618516
2572822
535
1229337
197147
13795868
2744410
51855903
24688048
8618530
2310695
9454123
151962156
3047982
15303215
49676850
14303795
18793015
11527808
2540091
22889020
4686397
4754416
36094048
931254
2884166
5933836
12223051
22512205
3369741
4096592
15139410
3408468
2261589
15270491
7979617
918114
11747939
1311332
4875735
44991079
1311337
93782634
7913046
2933357
868976
8372328
313175
16941686
5735032
12307220
4276858
2132757
64424726
14369414
6062727
344718
1376911
2654866
1458836
106392842
5439851
92357280
361121
70763170
10224292
426663
2037191
5546098
1721006
18776751
2441904
51765364
7783100
16405962
99008
138117825
17090
16827075
6177478
7635657
49866
17154763
1475276
17771298
1426126
6698445
574163
1802964
74088569
152142555
3949284
11207397
1228637
8471275
175489775
7111408
1180403
3179253
131832
1198086
279291
8667900
2575147
26493703
12616457
1213194
16515851
41696724
237698
220136207
85000979
18678548
3261209
721690
4893487
41009950
219562783
13124139
1245988
3785509
5876529
2868009
28869419
5096237
11748142
5522224
1016626
17853643
1466505
4850491
18498364
213205822
2566965
69075776
131905
131211
3867460
246597
54805318
1114951
41929527
1098572
4227917
10847054
1131343
1534776
3851091
1581198
54887254
79547193
1885017
94274394
131931
20595549
17248
1164130
6816614
5604202
394091
6177645
66881938
1180527
9934312
41714547
410484
15303541
5489527
145703060
17275
16584093
76891007
2130816
137888642
1996267
3343238
967560
295823
3998608
14304145
58295186
607124
16286613
17304
136217498
361373
22021022
263071
11387810
153840454
17040294
803751
9143209
6276011
8029101
10699694
541615
45532082
5273075
5882807
1262521
31621279
32752574
213952
164801
1803205
5899210
803791
1754064
1557460
175901518
2343894
51102679
65717208
189449179
165463004
66527
17376
3880443
14025700
21398501
5538792
1017512
33772
1229811
398846
2769911
6505467
574461
314197
21644288
6143029
1600343
113001484
410637
197903374
967695
145720336
132116
87181873
330585
3470852
17435
20808732
10488666
33823
4850722
1377316
25281578
1049643
8389676
1590319
1066033
361525
11289654
9606665
2393145
6799413
6292543
14140480
3074912
1294518
640075
10601548
2557005
4424782
17040466
803654
1819733
2409558
1950807
5571672
21382233
151077981
17253470
1417403
5270796
1127
1815368
20743275
1770605
1213550
84116593
26412149
6390903
1929156
7521405
1000575
4031764
59505
22381705
492683
2606221
1592173
2442384
7779864
2032786
133825683
813934
16578073
109423
1737885
1000609
1934498
19219619
7799972
8668325
2819238
9225383
15156392
2589865
7275691
42091692
87590062
5964977
6096050
11662878
62162109
136251635
12895433
17482954
138659023
14075089
1934546
1361107
2655444
72926422
6718680
1541338
15025371
17151525
1164515
8488165
492775
1257
1279210
1000684
10634477
240895214
2819312
18503208
1000691
14845172
5883125
6452777
6702328
53085433
476410
2016507
71779583
3572993
771332
460043
1246477
8586510
5158445
1344786
1754388
5101102
11175190
460055
2426141
361758
3573023
7800096
9372966
2491687
2589993
924231
22611243
6407471
5489968
2311474
145114420
6882614
1099065
3897561
34108
4451210
80495936
34113
15762754
32474435
902468
46089546
1119799
886092
7767376
1164628
140982
67388758
591192
902490
2648975
3671389
162973023
819430
9405800
3473639
30639468
8506258
2000238
34160
1705333
2573686
165240
148857
23068906
2572524
17302922
8488336
3034008
2033042
3261845
139150742
8078743
4244890
6063516
70550944
19662241
5336801
16916721
1387420
41403821
174951325
1738161
10487221
614530
2033080
7210428
42890826
10552766
160171455
6309312
624069
624070
312775
1000912
107890129
1705427
1623509
1263062
378329
4097498
509407
3950049
19105250
11634148
722405
15205862
13829607
12355049
755178
45073899
13899899
6677221
85967102
3900921
257394171
34300
17917
4724309
18138624
4130308
6118563
876801
7226889
198154
869899
2295308
263693
1082894
132623
116241
43697683
4916761
12518939
63473180
1689118
2098722
1426980
85968424
1050158
680200
16893492
1586782
3491383
16638218
4425280
86869569
3442243
5031493
35407432
362059
67149
1001039
9029201
865891
4654678
15795802
16696925
1148510
7063143
1427051
16604872
5670509
17701458
1558133
1525368
1558139
21530240
2901635
55019141
1444801
2528876
50611856
3245715
67221
12340164
1164954
9815708
706206
1623711
657056
67234
1738403
4910022
673448
11076118
2393773
1573149
2475696
34481
767603
2934452
5720852
718452
1935036
43978
90441409
1787586
1263299
67372742
15943368
98240201
11175626
15615693
14288590
48744143
2623185
5277394
2705107
591574
11601623
3815034
1122597
2279138
23348963
837348
1361641
3540715
2000620
52709103
2616275
2361079
1197817
1902330
2524923
3131132
3655421
5064455
5234988
23791370
329485
526094
1114104
2017046
1787673
5905802
4835104
902947
18732678
17614633
8832816
22595378
165683
822238
19023675
821055
191104832
2345952
82003782
1574727
30406284
3426127
427856
1933624
13256532
115054222
95945017
6129497
624474
1115995
755551
252233569
280418
213475643
1623910
509800
14370667
55773036
1509230
395119
1312624
17057651
55576436
78862035
133744504
4704121
11749242
2410363
1263485
34588542
1417536
821123
3082117
4261766
1853320
8898445
9815950
3148781
3966865
23889810
7243668
4114325
1722264
2000793
1705883
427933
8292254
20449183
18033648
2459555
1525670
6424488
13649835
14961650
6239901
722867
2709150
1263542
2443192
871333
1013407
2049982
13505715
22120388
1902535
149450
37112823
5654476
89773730
5933006
444367
6162384
1951698
33458131
3508181
51158
6106105
4442073
886754
1378276
103860197
83944
2389671
123218
134612975
17549296
132958195
14518260
8439797
34806
8947704
2852857
804859
22759420
3393536
3246083
935942
1644204
3835916
395277
27527182
1198099
4130836
903189
5752857
2050074
4704285
215070
259360805
2836520
805895
58656814
15943728
1378355
2607156
101615671
2635444
1083453
15346
173344836
722944
51562567
19598348
192661578
1706061
666637
411732
4671574
9369605
8194143
64964704
18529
3744102
100454
2714417
1198185
15275347
14524775
1804404
3999862
18368631
53883894
13830266
2531494
12159106
1230979
542854
2476167
2186
44379159
2459791
526481
51347
1952793
8259738
395419
247964
1165470
9078944
7555234
1682459
1591462
13781160
133291
52955309
3410095
3901617
3393715
7850164
19597493
1394871
1624249
153553083
7358652
36487541
2443459
9357508
57198790
90696737
22220
15993036
4443170
1951950
7526093
4458704
5753043
47483092
1499513
2263257
1198301
146639071
11700449
237947
9324772
2181349
1247462
97175785
215274
8440043
2285
444659
16894200
4409593
94750971
3442945
985346
5846
4770054
5540108
32835858
43534613
14762918
3639576
64882969
1689882
182555
1100061
3295519
198944
5523745
19109595
1820965
1280294
39452068
1591597
11684142
313647
4604296
18778418
346419
4360502
248120
1427773
5278016
1968451
10094916
45173063
346440
2984269
12323150
4442447
50415954
125772174
1902936
2754905
1378650
15075675
77367644
30349
6752610
5458275
3115365
56475450
3967337
8489322
11215250
3714109
120129904
4098418
1739123
1182068
7571829
16255350
50791640
20334973
1722750
657800
67977
2445
3836305
297362
6523283
1051030
189172120
88902042
23316891
1443647
1247650
3124294
19007910
1821095
8954268
4131244
4147630
1427888
5155912
209979830
3967417
24578491
3077877
7309760
821697
264646
952779
89655758
199121
2640338
4868563
2542036
2132438
14272984
5392858
2523
11606980
510434
1103611
1346020
952805
21531117
29166062
2001391
3022973
1837558
12300137
3869177
133626
2531754
47385086
1427968
158992900
3033605
1043544
13223491
9216430
142101014
487821
57112324
31066653
1116708
101889798
13470246
71174696
2182236
4557356
3901998
1264175
6510344
543283
4917812
18998
11455031
34490942
2531509
140124598
43027018
281163
39586381
48240397
44304976
641618
264790
4557399
19032
24676954
71439
35424860
3902047
1034849
8768098
7326309
1051238
2493031
510575
164268661
111921784
1018489
19066
1212863
723581
1843648
1034883
1165956
2116230
2700
1084046
395919
4786832
12094098
6212244
248474
191599
232092
1706653
232095
952647
29551
48253604
15387301
2083494
93702825
35499
12290736
90622642
17796211
13355702
1051321
3197630
101141183
49154753
4180674
16796357
641735
1624779
4413218
153389776
2476757
1018582
5216036
3607260
139053789
4344548
5382609
12471017
7113454
1428207
532947
2706164
11045621
5393144
12020863
5507836
1709866
1376725
1936130
9784068
2607882
7899915
2870028
33983247
7539476
2837
2067222
4410138
4465114
30591777
7097127
805673
9325355
1346348
3083053
9489198
133938
985908
6933301
6376247
2176820
68410
10341182
16288577
3820357
461638
110316362
49924942
31607631
592723
887637
15092567
1936216
150361
2444122
822108
2837342
1409509
2411360
8031073
2916
2558822
3308949
32831
9373450
2923
1723244
15395986
9309038
5294959
22383473
920437
5852023
44813177
5196667
10816382
3623807
1330052
1575815
314248
2771850
30116748
199221741
10931088
177093
609170
3214227
4869013
25201560
15944604
143461277
18888517
21384098
10406821
27584413
284487
1756078
183307183
3263408
1870769
177654709
50187190
4606904
230919097
10783674
319989
15633344
4213697
14748611
36228036
2477000
805836
1887182
2526159
8047568
150482
2477013
560087
2116574
248800
4492258
5016552
19074025
3050
282621
9194476
20368365
206654447
3640304
1559538
478195
494583
5852153
2261503
1969152
297987
21826565
8293383
35310601
62082060
264260621
22334478
4213777
4049940
330775
134168
8490009
3951645
34868400
3329058
138633734
1879217
1313832
2542633
199724
325806
56069169
6835252
150582
5442615
5246008
52286
3828917
3509315
183364
1625157
1592390
707661
4607160
4492373
52310
187239511
101464
3845793
3492954
139365468
14453855
2507281
1231979
4918380
150639
11537523
445558
3296375
23284857
5213306
135613565
1379455
116624513
3165314
150661
3853448
1739914
16911501
68755
90038809
2003422
3226
166988955
2935964
32066719
1313952
2785217
230968486
1182887
3607721
7146669
4689071
32230576
213634226
806068
1794590
2223305
119721144
17681594
82611387
1838282
1371339
1526981
7294150
82234568
1835513
1723594
3345613
30133456
23137491
363732
3378392
40062169
3579016
478427
249052
213683421
3294
5852383
18042086
2624278
18476243
2166010
6163707
4656380
4771834
7179521
118018
836139
37755
888076
142658832
161844499
2116884
331029
19734
371929
18353433
2477347
214732069
2608425
331270
1936683
2837805
2116910
1510621
5131570
2362676
1576245
265529
12438842
1445179
1543484
2332554
31072821
42700098
2051396
13847879
6802762
17763660
29953357
3771729
2084178
186059
4787541
7146839
8047960
6450404
2264411
8080733
683237
2575712
920931
17517924
43765095
90639724
3378542
39013743
494962
94866804
7474552
1346938
2362747
180890858
2100606
18779524
28511623
2723208
5205228
642442
5838743
6229391
1969554
3128931
478617
2362779
4853149
36254
4132256
3542436
51678629
4656550
2706856
675241
4722090
3181997
5950896
10669499
3214780
4951486
19903
1442591
16371139
3624388
5278399
871880
12996044
1002958
1281489
3608019
70962644
32945827
18681307
14142940
6737374
17583585
1625572
50318823
577000
3788028
36330
740846
4247024
20647409
59837938
161058291
1953271
8605176
156831228
3083773
1723998
3182085
59952646
134679809
3165707
9670156
3597
7175391
5216267
135794193
11111954
675349
118297
3329562
14255
593436
36382
52767
1592864
69154
20139555
13913636
5901863
1920552
1773100
2575918
272010799
7228977
9435059
2707000
2362938
1535242
2543172
2119606
1723974
7966279
17026633
4689482
2788939
1642063
5705296
2853427
650510
5934679
69209
446043
66909855
2906042
609886
49516127
396560
5607011
3605422
41029222
216682
15650412
204295793
5049971
171609717
1085047
3378808
1281300
2133626
51121789
11275902
347776
593537
15191683
544022
2690696
4435223
1183376
921235
2663022
52887
17748446
1937050
18026139
7769758
653253
17223328
21089953
4689572
46943912
315049
1543850
22630059
87232181
1969846
3768
1085115
1150656
3067585
73600706
148086
3575494
69320
6698956
92114636
151246
101368440
446162
144690902
1499769
2969304
2357513
5279459
135401189
1740526
85743
2871025
1412850
30887667
364277
14061304
1085179
1486122
2773660
4180247
568064
150827
13651716
4443909
7868167
5050120
14700298
3526412
35523885
18534160
5944605
35376919
10866456
560921
2527003
1836822
93640666
101204613
1855265
36736805
4722472
230567134
198266667
1003308
36653
238538542
65113904
2920241
3378994
87445300
10030902
5164860
249661
6016832
331588
12324679
3821384
2543433
2805582
1822544
2168803
1462103
13553496
24601231
6442846
2906085
19721531
44928868
708454
397160
11504956
2264939
15028076
3657021
2543472
561009
171839347
10109588
42717050
2756475
1560444
30676970
2363264
3045476
184197
4575111
34688906
20374167
16174990
4214671
40619920
14962579
924644
216388
3641243
413596
20382
5361570
2314147
18911141
2068916
2936749
184241
36788
2428853
135094
1920952
1516142
78774795
1626047
4378560
1573536
5623746
53193
2146978
39096272
4034513
3346386
2265044
15391058
2936794
8523742
1740770
1593315
1478637
2838510
266113009
1462258
920504
2150388
18787759
19353590
3657720
10866681
9539578
462843
1221290
8146261
28413954
8763002
4102
41228289
4105
67653644
1871885
21762062
4132879
147640336
1216530
40226835
3029114
223039510
69656
52795396
3199002
12351493
20828192
1298474
20418607
823344
43454513
37834804
2510903
4444216
65474623
4051011
528457
6164554
1544267
2367891
1918891
6410320
16224338
1854819
725078
88695996
1658970
3733519
7458915
888932
18387047
1642602
1167470
38047855
3723379
1020020
184127605
44044409
1626236
5132416
2720448
3887234
6279299
10129541
1757319
872584
19730572
1151118
263803024
23498897
1134738
151700
970902
1570841
2838681
1734259
30691486
11756229
5738657
5558436
3362981
130093222
2101417
9941428
2117805
2150575
2527409
4282
10424508
5083325
5984448
86210
5132484
44978376
2658510
1396943
3674321
7459029
4018391
6443224
3690713
3182816
7430864
11342050
186618084
228915238
44028879
1429742
397552
1839345
26792179
8032500
8311030
50106615
32739501
1626363
3166463
31117569
397570
49762563
11698696
28823823
49631504
741650
872723
594200
2461982
404869
1347872
233761
1282338
151844
4239821
3428648
1741097
1020202
5837100
5330994
233774
90186461
201986352
741681
1102133
21418294
6443319
4018489
229871930
11038090
2822462
5345600
3445058
3232068
178573638
183800139
2904397
54677838
11414925
2893251
397651
856404
168278
1970527
2806118
11948391
2906172
38605165
7115119
7197040
1839475
9807152
20959608
12084960
3248512
3692608
17131
3346821
2511238
874690
3721994
2642315
5689740
179622285
987535
101709891
41505172
2237166
1775684
496028
512413
787946
19141026
2511268
473158
1495464
6263237
2472007
1772957
136532401
5247412
5149109
2789814
2052536
8720825
36475322
2982645
3330499
2560453
1479111
7918024
6672841
20939
6148557
13373902
3330511
184785
100127190
17610
4569
19173850
921127
5624286
3428832
11112929
83464674
642470
146069585
5100010
4149739
3625452
1462765
221483505
2316371
2232821
8376823
37370
9458171
430588
692738
100557569
12440075
2707980
1511949
152375823
2789904
170562065
23581202
1954327
2282010
180228635
234012
2904606
4640
2167331
241439271
610856
6654957
348717
1872430
4280879
4559411
86580
2265653
53814
45437
3222964
11948604
51008066
2663179
152932935
118706767
12587601
479826
25039446
135795287
6731876
6083162
173707868
206024122
13029982
12931680
178246242
7787111
841831
22598252
795410
3691119
15307378
4231796
2343359
1397369
81815818
50188923
1135229
5821054
37504
182669954
447107
1348229
20894342
3772740
168585
7990722
47600271
14701200
4762
21402268
1893146
561822
11328725
15094435
1888933
14783142
1135271
1921713
18272946
8114867
2233013
1020599
1282745
179737275
5214910
1217215
8819396
1352481
675276
1725130
582435
4707028
5886677
4903638
29292665
10031833
5362395
398045
1888991
4575968
7918307
3150566
88363753
17142513
145822450
10172542
398070
1839863
137794296
2331385
9558143
1348352
62477057
5657350
1872647
3187500
2102027
3126250
27857684
2446101
1413912
8917786
2875687
660256
611105
1969627
1200932
4248362
40358700
4909
3380014
453528
11621172
39424821
185142
47241
2804368
3281726
35705664
3887938
824131
8725302
1154659
5313359
6722384
791387
5903197
8894
193295
3167076
208114533
3642215
1360700
447338
46591463
807790
113988465
1577846
5804921
73356155
1838570
2659199
11461440
11375492
20452231
414600
1741705
7190679
5280654
1446799
152465
1430419
183790
20386712
173560729
7033754
5019
594845
63198111
1461744
2529435
12080036
23729061
529318
5031
9671598
1086385
39850932
2266037
8311738
2020285
791486
81417153
5297091
1971140
50713541
252065
40226295
19678000
201679
113300432
2479058
4117459
1397719
4019165
3068899
3888100
3003366
680785
147559402
144315372
1086445
36770811
21500
2446333
3888127
611332
1797633
18938028
1004554
51221515
5133324
6172
3626000
1599222
1889298
1627155
6509589
1790998
61625367
4592664
6165533
1627167
11555872
5153
13947939
8541221
267303
316461
65885230
9361587
2053175
496700
726078
562239
25553698
12283403
3740741
79189064
480330
2610252
6587234
3321357
3150928
3380307
7345236
201259193
4625496
12850268
2118749
153441377
84251746
3298406
30012252
709737
2528369
3789938
2096235
1319896
3601449
5018742
23843254
2291002
269374588
8918141
4068479
21632
38018
3216520
4691082
1669314
2589549
235590804
15570069
234646
2462872
4391791
824478
144118945
8311976
23249430
4199600
3052722
242128051
496820
1183262
13703369
7979892
4510912
156832961
2872515
8492228
5317
92181702
5444810
10540238
10065105
54486
180142969
5477592
1338916
1709274
9802973
1726672
71079139
2069732
73780775
890093
1496303
2462960
98924755
25627005
1147775
11556095
726272
4101380
10379618
33805575
1987848
5386
9671947
2790668
5297421
2888974
40949009
4576531
10261780
12021294
1587417
1381656
149420623
8213787
10032418
151770403
5969190
6346023
2004264
2741545
5109001
3609899
4478252
841005
13587758
22861105
3298611
72578263
5683423
988476
220288318
70194497
5248322
8721732
1447238
1889607
1709392
4183378
70995
447828
6116694
23369047
1083674
1640696
9360736
2921826
68113764
202088
15635820
58558
365937
79549810
5494131
20125044
134337910
14308727
2725240
37885305
9459069
88413567
7886208
9360769
2708872
31364489
3544458
15046029
98309518
5524
2446741
2510404
53335450
1084722
156867
2053536
32192752
21714339
7280036
170923429
24647080
595374
8111005
5592497
759222
5148233
3102137
18744223
3495357
14573947
4924320
267714
20043
2102726
2151879
47027658
1472759
923085
8902094
1316306
1418147
132617684
47551957
17077463
8377825
19650018
236869093
8443368
38379
6215148
31702971
38384
169727474
1988085
49436151
251384
16471545
251390
2332160
153441797
2332169
19392297
2643471
2479633
7099923
26498580
34079662
1046788
2603079
287663
1087009
8787490
134747
3307782
1725990
8496273
2184745
35371271
37525037
9295406
4609583
10704432
27973173
18848009
185917
8410687
63755
4861537
3987017
2070090
5715
1463892
1267285
5720
1021535
1185378
131798627
628324
10262801
5736
595561
12801644
5052013
2188998
5101172
90412661
808566
171497082
9918075
14325373
1840767
10950272
14866050
5766
1590209
3102344
1603062
86447756
204707469
4462222
5149235
22164
125228694
4707991
1791640
16275097
80127733
4183708
2086557
10049182
4298402
1237958
6035115
6837932
7624365
2070190
22107826
2203185
661175
17611039
2414268
443338
1601141
23755040
228240
150770
2125431
1021644
2152141
4230776
37754579
2053844
66711591
180049624
3167961
16684763
109096545
7624415
464608
14582736
1318280
34363110
67802855
1748604
153327
1447666
15226612
1513207
6915028
546554
5883
759548
42063614
5888
2152193
49223426
55047
8148744
3888907
1234701
8017679
3572696
1693458
2758421
67775252
2086682
18355997
1693471
4052768
5921
1136418
5723939
120612
6199078
4102449
1267498
2987820
38702
1120047
186164
1234741
481081
2262656
1627963
857916
3036990
18011968
32850912
16948176
38727
223880
1103691
17340237
5134158
6133587
55128
907097
3040633
546660
6792166
3938155
3577708
4637672
49583988
743286
155441015
11442041
22779771
2135933
54531968
6936449
10950534
34527111
6035337
23861130
792460
32151440
16371352
137109
3774359
9279384
51451801
32298906
11930
147543970
43514182
1578918
530346
2381740
661428
6133686
812020
33724346
52895
24778685
146872651
38853
90331078
3004359
139302856
156663
51615692
3930445
579538
9951188
2021336
150605476
2365402
6108
55261
2004962
13703139
71653
3692518
90739126
136599530
7559149
31250416
2267121
63002610
1054707
237109
1153685
7723000
1972220
88676349
1841150
361472
23975940
20649993
2346680
48584717
301073
743442
861187
57743383
10678266
628764
1693726
2381855
42031137
1123334
15092717
3135533
841774
579632
21583850
3414066
8165428
450843
5101625
2127910
14751804
1284160
1644612
2136133
5118023
34881453
731264
858187
10786892
2906466
47831118
366673
3692627
212424789
120919
1054808
2152538
3266652
3348576
157967377
112999
23550060
16390253
19961967
350322
1880771
957675
596089
7231610
7084155
51442627
21505045
3198656
18208899
13768837
2316422
81762446
2423149
2463889
172841107
268439
3610776
120987
10245921
235678
2037921
137379
1464485
58972326
1775784
11770026
6315
27531436
258808
14096559
776368
4296392
15800499
26319028
945865
2037945
5560507
4298946
13867203
264902852
9410757
904908
8902863
550036
1322702
4708569
415964
3905757
3102942
2502352
448738
2070759
22832167
6068461
88302
5904623
13687027
49715582
841974
801151
2824444
2242944
113116203
350468
170984492
7559435
1153292
6413
23681294
842001
1661205
6756630
153883
21213110
3217697
7674147
26122532
50075941
1759527
50340914
1792302
1235248
4741512
5740850
1268019
161208630
1754752
43931965
11622719
5036352
31316290
17619268
1825093
3184966
19656417
8853832
11442505
6474
143284555
414845
58424
111319378
1726804
184271929
185342300
631866
11810608
180345184
19143009
2824546
4512099
89823591
3283306
6248811
14309741
235888
1137017
180590971
7230045
39295
1382787
1923460
4102536
1055115
383372
22931
6565614
55312347
20699543
10705305
49680111
17127837
10426782
24347717
43375009
15880670
661928
399786
990565
6576556
1068253
41062131
2431412
79157686
22550968
5527993
9532877
91019707
3987901
2535460
2202048
18842699
2824645
93297094
2726305
14784968
711115
2029986
1457424
8935888
4869880
2546130
62413271
6619
222681566
661983
170138081
223566306
118523
23012
6470054
6347238
121321
3643885
39406
9460207
2808304
17586673
10361330
253001020
2103798
48208376
16771436
178100730
185014779
612860
89283069
37689854
6855167
17914370
2180182
29781761
2162296
16603659
3545614
6672
55825
8083987
96754198
186904
15085316
4340143
5134876
1740549
6396448
285221
2136615
10541608
39467
12573231
20044340
432693
34970169
3070523
202644037
5691974
940615
907848
2109196
1448528
8936018
28891731
31791701
3578456
1595993
10181210
47450198
3021405
10913162
154207
8772192
563812
3103333
6691431
13769320
678511
1497715
110311839
776823
29661817
2333306
56089212
3857022
2202243
10803844
3041751
907914
11983500
2808461
97491598
3531885
15686288
6036114
164974
711318
1890968
4741785
165550747
69933731
1153702
11885228
20253
2890184
1678002
32250551
790303
236220
11639485
2333374
1475701
145529538
5544395
826052
5380806
77847239
5380810
4135628
1252045
9460433
15948498
2726613
55483095
227793626
39098833
20290282
32709356
7199469
24074992
388904
2267893
5282550
4774648
2497275
400126
236294
5659400
16964362
2013655
1666386
1743629
44817166
6282004
6938
727837
1579814
10546993
6724393
36297514
156343083
2857773
137694300
7658290
3450385
3693022
39391
18832188
8231742
7117631
4463425
2704523
24091460
14817
5479240
10656586
2120523
8559436
5167956
1432407
30071641
133094234
2448219
17554268
23390
83130853
3102316
1327593
7691110
631953
17636200
1891178
4127983
3359890
43637615
465779
1006453
236406
11016681
9378681
22895484
6096021
577344
662403
7920516
2235269
4950146
177822599
2022280
1498000
7057
247176084
1072021
3480471
180870040
29662106
2956188
24152054
178641826
4512676
41048997
244882342
809457
2022315
42080754
147037102
433071
17914800
15817650
15834035
2394544
3890102
202546105
166026173
4447169
82412020
121904068
81714119
1661904
2480632
989892
11705302
1385636
14724861
177036253
18258910
1235939
164502500
1154025
1989610
231889405
5872625
2800126
1727479
99867640
1989628
4742141
1367039
269318
18881545
20008791
5479437
72720
351250
7740436
19258389
2481174
9296921
2469722
2546719
6691876
82189355
7111858
215773021
2481205
8855852
72760
793492
2416548
1383484
400446
269376
744513
71768880
2546756
49536071
20137592
6331466
26287184
3939
10178026
47432149
6626393
190249681
170975251
2088032
777314
17931366
56423
40262761
200612970
105581
1842288
1072241
162346758
233692275
584672
8019061
84614262
798569
114844863
1645695
12344448
892036
1170567
101604488
2725886
22158474
515212
49585293
498830
6282384
6675601
1924243
1745629
7982959
170482
2268318
90593819
16391880
175856805
3349670
20880552
5495977
201219244
3955886
12737712
11164850
76815540
6741174
2945736
2285071
16570146
59972796
7429309
182244063
163863743
4250821
6855878
7593159
963713
5414090
220364
53680026
646353
23762
113187
2809045
2776281
45114575
3846010
137862366
2841826
55783291
82582756
5201127
4054248
227879
16522478
14621937
1814796
2561129
1262804
1997354
204030
12295424
56577
23083
64904461
163142928
173120785
482583
496712
9215259
10280220
498975
13098273
990498
56612
1514793
941355
61267244
11492653
5725487
6364467
1744180
858676
1023290
2071867
2006334
7641653
10231104
152689985
921163
44939
2383176
1973578
3464524
9231210
2235726
515409
777555
13065556
2153814
1699583
11066716
5725534
61824351
8904033
6643045
12164454
3600273
722151
187756
4529518
367983
1629552
2317681
28588454
1432947
286068
7542
531837
1203582
29859200
3684452
167009667
564613
45473160
4873610
1842574
236943
172019608
2046531
11099541
449944
682754
2301339
5004703
2533661
7478690
226889627
14245284
57417125
11972508
5660075
138108332
449965
1695151
69524913
1121714
2901235
105908
3268022
38623817
6561209
8707514
2579904
105036363
1007044
45129157
433606
5692871
168802892
4038091
152762957
2740131
7429588
84745687
2727384
269786
6601295
51469790
3825119
88065275
2645476
2809317
2366951
40425
1760747
2203117
122351
53059058
2645496
859641
1850812
4529662
39721557
90742273
3350019
14736900
29171206
122375
2579976
1531401
134553099
5643789
73230
7282191
3989008
73233
5807634
1123587
7052820
50568725
7703
160637
7298589
24094
24097
8445475
155172
9428517
8586905
1941033
220349
4766301
1777201
223485490
1138227
98950709
8560183
368186
13360699
2874940
8955146
2510773
1154626
119670027
40516
21540790
56902
19258952
591105
2334285
1334862
208805455
24147
400981
7265878
12869214
138847
450146
269923
1875556
2236009
794218
55058027
122476
123657837
138845806
807150
1056371
42287551
13737590
19356907
794233
1728123
1793665
3399299
1449604
5217929
11460234
302732
220813
113335950
2498191
138897
3317394
1842836
181906374
908953
8625821
56997
1466026
1629867
5742252
2694831
78388912
3907249
3350197
40630
1302200
17635956
7994972
21539
5299910
8117960
3505394
7773902
24271
93953746
1501112
2005625
597111
181484109
6287312
6217442
2039524
892646
2416359
145841897
1859310
7347951
28057332
10346229
258316
21028599
9379576
155386
3776251
2203390
5283584
3235590
1285896
1285900
12508941
45834820
6659860
5381910
12115738
11837213
3275397
394544
7970594
23174
6037287
128655146
7659307
29138732
2744110
1138480
41803569
14196533
509236
1597243
5300029
646976
8478529
50536260
188230
1088140
40780
12853074
18308947
97361749
19676070
3131817
356521
5103450
8019806
2629473
25916
15409002
51666795
179213
892781
4448111
860019
2727796
6758261
23502715
122748
24446
1646463
860032
28794753
86450050
843654
4367681
2105225
3727242
45014927
19898257
122772
2628249
3055512
1269657
3789764
7921566
12345249
2580387
3137444
4022181
3661736
15004
1994310
1180758
16317029
5298252
369992
134262
1728438
3022775
3579833
15900602
1073087
20258757
1515463
5283784
5660622
8166834
266723286
10033758
2502650
122849
24547
3612645
163848168
3436541
80198878
6463473
18031956
1302524
30908415
18128897
3432450
1138695
2383880
1433609
144934066
100884492
1155086
5824527
679952
1590616
253971
86548501
223191062
3317783
116334617
88088604
5251101
516127
24608
190685217
13688866
24613
15409190
24615
1974313
25632815
73244721
12705842
1220664
5660732
3186751
1859652
1096374
237645
1237497
5677135
1007697
60530773
974934
1646679
925785
40689754
254386270
5398623
204896
1138786
11313256
446482
1800893
2482289
258400370
143892596
7033371
3563638
1319031
8843284
6135933
3383424
32383105
43868290
630915
790550
54887788
6414477
2580622
2803053
2449554
1089683
167796884
771438
18325657
2613402
87220381
1859743
5202080
352418
2007203
6863558
9887910
1859751
12316
4792491
12689589
3694774
17473720
1679546
202662075
2875582
71540931
33760630
13820102
106695
712904
1548489
991435
1138892
3678413
5562575
8403
3727572
942294
113247609
4169945
7839962
4235483
2236636
1892576
1728738
5136614
729319
2941160
2531563
103391469
712942
32710897
997028
17424628
7971064
2547961
53731578
168502655
2072828
3268865
9330946
4202756
4530437
50143494
2646280
15425801
26648842
1262719
83484940
14269326
473816
4137236
3596565
6430998
1417498
38592795
8773916
4659930
27697439
1024289
8053026
5185827
7659812
14688549
44409127
6267176
139563
39395628
24878
129705352
41623859
16221577
2990392
221498
188731
2295178
958784
2171201
2564419
180494661
385351
2777416
1876301
794959
44388408
1188178
1843540
2023766
1958232
42230106
107471195
34906460
3219805
18288
1335650
17293668
100426086
55681383
958824
5135079
28746094
1843567
84681072
2269553
2505449
18489720
3400057
4825466
1024379
1089917
811390
4252032
2417027
2139542
3600449
141861258
11706763
123277
1270158
7479698
618563
2161390
3203479
975258
4940187
11903388
220364916
2318754
5644711
95896988
1991082
122298796
1319342
2550258
4546995
2335158
38707639
15753661
209019326
1843647
15540672
17818049
74080706
2420811
16261572
2875849
1450443
202744269
15409614
401872
29909457
1302994
5432739
66232794
7565391
81289694
4055522
3465702
17776980
8430058
3809773
19784174
2056687
1894491
5546485
139766
2056696
221689
34791932
614913
5677570
811525
1434118
28386732
29352458
14410252
2531853
1352208
44753428
5733124
500251
45883932
598557
696862
97254149
148103714
156197
827942
2155048
3809835
182690350
1727240
5300786
3547701
14688539
285450
17179199
6890048
795204
877126
132932170
96182860
1261093
5284431
21936322
135176793
25179
12018270
92955231
40608352
434785
5055077
238185
22274667
2777709
95658606
1221232
5857906
146195
24060533
20095609
3237311
3760765
54469247
7987840
320131
1974916
4334215
7905929
287370
14279311
4088467
33612439
271001
18850460
3613342
2908834
18571941
4717340
96248490
5857963
1729196
1729197
3891887
15884978
3838067
8479413
4760249
3334843
1450686
299125
3351232
975553
43016899
21013188
3236549
1549000
17556176
5202641
14279378
12149460
2237143
4891352
6814500
133620445
2122463
9233251
1794788
3678949
21799656
1598185
18229262
61006571
11100908
9511662
11395826
58099
2204405
3367670
957225
2335480
133178107
13509372
72490
5350142
11608833
4507211
18113283
6890248
8069897
23143178
271115
8972
434960
7938833
3859218
12043737
1729305
1860378
10052379
6948314
24961825
1057571
48235341
555825
191849258
18100359
1647404
1286959
87221040
4575368
14328630
7676733
10691390
8676160
52273986
3613508
123717
17581537
145744714
2007889
5907282
2909014
21183289
10363736
263652
4711259
58853
9459308
63060795
12952420
598885
397457
18277227
4825964
1519762
516975
45917043
11936628
6398837
11903863
1778554
12131135
189309
3698837
2073475
20402326
18703238
17195912
598924
5213
2532240
795537
8479634
3269523
4219796
446617
18064280
3263282
15410076
1991581
31138718
8922015
1844128
2046718
5464995
2384807
10462123
716957
6038448
295455
3958379
10631185
16917446
151954375
49292233
2319309
3630031
419320
147973074
140244
238551
4645848
1745883
2450398
1975263
238560
2909154
1085606
3072998
85414
1687193
198321131
58354
14033908
15131639
369659
3056640
6464513
4613122
21685251
2810885
1270790
34448393
1334103
2420909
52339729
3056660
3728405
13900633
5604868
6284314
1074205
16704542
26911783
2384937
238635
12362797
468018
74803
36135992
2437300
3269690
4203580
43377726
4514879
54928451
3056709
1598534
1762375
16737352
3859530
271436
844878
4627299
4826198
20915287
12313692
5219421
2041360
18220561
2204781
6038638
3302513
17939
3286133
3695741
121972
1664133
1429146
337032
25011339
9888908
907440
8922257
4236436
17425557
16131225
3597470
30205087
5072034
67099
14771364
16393382
6743207
3908777
3597493
1713334
11838648
1680571
1975484
2352318
13198527
8463552
19440834
648387
2024648
1647819
1270989
139846862
16803023
2155731
68740309
326521
1975513
8348890
259903695
926940
4138205
4678883
1290449
2876648
2237673
2729194
12346603
812271
3454287
435443
2555196
1484026
2186111
4695292
136750333
25854
9364736
2046848
500995
5022986
515329
206186029
29009169
337170
58287379
60695829
7905249
13198616
4121881
566555
648476
38315293
8480030
8135973
17835302
4941096
7415081
2680106
14132524
3482928
2942259
2204980
2699486
4236599
9725243
2450748
1434941
2532673
1435190
3106120
1975625
12526923
4695374
113534287
6563156
2172245
5088598
646612
4105562
6595931
32427613
3308432
22717794
55944547
5746918
3925351
730684
26223978
1869373
169583984
14394737
11674995
3270006
5252471
50259320
32283540
5547387
3270012
13326638
132031873
828806
1844616
553196
1287562
1451403
222610
15820179
143598
3630486
392089
796061
52659781
6541552
42837411
12690855
3515818
353707
57402796
14312882
1601779
2647476
703009
288182
20915641
2057660
5301694
17851839
75200
452034
1402307
2155976
21390796
441250
18523601
5350870
3565015
738472
66528733
5776862
3794399
6809056
1779173
4717479
1074672
812530
14508
6268408
8152577
8330155
7058858
4679177
21483778
1629927
2270736
3270161
3171859
18507285
108054
2450967
73623065
4204058
878170
17920261
1599008
5285411
12550
17491494
26934193
239144
71591467
89482797
2098781
3401264
1009205
910902
26057652
3171899
5957180
233367102
3396744
11398263
13859400
304713
1058380
12199503
2991696
55092818
12740195
2647636
4660153
239192
4367962
10561115
28681823
1730145
173667
3696228
25945701
14706280
1058411
3335790
45927941
4056680
1812082
1205875
9184886
4253303
2841085
14755456
4417153
157291
2385541
105522823
16361098
2827916
9610896
353939
16803476
12150421
3532438
304791
6399640
12377028
1435291
6203039
730784
632639
17639075
2500261
1456988
188196522
16295597
31909550
173743
7218864
517809
98494130
1566387
583348
3204790
1304250
2859999
27502268
5727933
15140469
107368736
68249283
419524
10299078
4695751
7055049
1566410
11691723
894670
13051599
50382456
1861332
6743765
681688
194537181
3892959
3368672
63547105
26338
42725
370408
3057387
2598636
46376685
1304305
7235317
8103670
48730409
29746937
52225787
332074
9982
3303040
1943299
17704708
1687411
2320134
53548
5744395
911116
419597
5547790
2860815
28370705
46114578
15935251
28348718
9955095
69314330
6219549
2958981
5629729
8578850
24461833
1681190
59177
15869738
255789
75566
206639
16028409
3041077
173879
2352953
19130170
18523965
14542654
6421871
206656
223042
36448068
3040223
1369927
6088523
780108
1713998
665423
23455569
12883
5039955
22947668
1566549
1353560
3565401
7448411
4171612
5482333
4335458
113623529
35989350
2500456
14083945
28747630
74746565
239476
26486
65444841
1877880
8529785
1861499
4106109
2795391
15339
237417147
1004722
5711511
946498
2631567
20637584
796562
878484
40748697
1550233
59292
3180186
944030
2975647
2451360
1664931
3035462
6465448
3205033
8611754
818140
47102962
18491312
30484408
4761529
1812413
143691
58238918
26567
829384
160182604
5285835
1025996
3467213
1058767
47671248
8038353
387026
2009043
39856085
14493660
1681373
164151039
2680800
1414990
1976296
2779113
444430
5981102
20907688
6383602
5938175
12887722
1386494
7673713
13477888
1239048
19592566
124938
10254
3856395
11872274
4188182
1370136
1910809
5449754
18442269
3368990
46032927
65972262
12281897
1648306
9332785
6957108
2353207
731199
11774016
14002242
6203459
162555973
2158945
22571080
6945804
3582031
2093131
436307
2730068
38209209
2746456
47327323
4106332
155830
27748448
5122145
2189410
1845347
3319908
91646059
21850220
813169
5864467
2418806
731256
13674619
223357
2025599
1616000
2943105
1173635
27453576
43148
18475149
20156781
4712593
41625747
2992277
1861784
92314
6072476
223396
12069029
30058662
15181992
326684
10410
6514375
11102380
4171951
326049
139552948
1796280
427722
6170817
31912083
19572937
3632174
6154444
88205517
9562319
4450514
12158670
3254487
7055576
2481188
1052728
272605
1255647
1599719
21489898
68675819
14649861
200672978
3366485
5122287
583921
139468
13510902
84814071
567544
1534201
18823434
2205951
244001025
1972567
813316
43270
65464583
469256
1255690
547885
420112
1190161
2339203
3172629
16771350
3074328
2566425
518427
321821
4586278
13871392
98085153
16888198
1059114
2353452
15739183
954760
2079795
140208436
3778873
198367
4909372
80177471
7530817
2222402
3172675
485704
1403213
371022
1403215
2197219
11872597
184969558
32581977
30419297
22841524
1845606
14208503
43371
5466476
59762
649588
8792437
10054006
2058619
92338327
4761981
2991851
151251332
1993100
1059213
1190289
48540050
1026452
174485
1059226
1173916
3385758
502175
19474849
14510499
2730405
2434801
170731944
17656236
9595311
38431153
5269938
108979
15755701
93481398
1894843
50997692
10607322
8487711
18310902
1731014
90384841
19376587
2353614
1731026
633301
28748247
1059288
16050649
6105563
1632732
6695390
536997
23384911
92644
438694
1239526
9120234
2714091
715246
2156285
535025
1386994
1039443
633336
5057017
1174012
518658
3336709
10119686
485895
1255945
25405963
96463417
8022551
7039514
7917999
1782192
4090402
1255974
39021096
191017
170945066
673543
9284140
4516398
80989
3910194
58747444
4107386
1010230
2615863
2239033
12986941
1534529
9366082
1714755
2380214
272967
9284168
4205130
6253133
1796686
567888
25629112
37032377
977503
14461536
4254305
797283
1272422
5745256
136964713
152316524
55667309
13988285
17491731
1391007
4893301
42707574
289399
2910843
546939
13133589
15231619
14527108
1050390
1075847
5957387
3500683
3202157
486032
4582033
862868
11922072
218098330
11037341
10911
1043107
666276
8727205
1318002
1288878
3386032
31107761
6138546
11987635
3893942
2091703
7531192
2239057
4025018
182170058
10889920
14166721
117682635
38169286
19229383
5286600
3320523
23824
7400143
5171920
5225592
8661715
8645332
469723
55306972
2730717
224047
4729575
140974371
46099178
136145644
82619118
142066
1288948
5679861
20803852
32171817
79588088
813817
2927354
2846528
2255612
633600
6761218
21703427
798557
5483277
3270445
862996
49852889
258707930
169254282
19589920
2960162
6433571
13347625
23687
338733
504470
1567535
420657
3926835
7837987
2386741
1780536
2763579
2419517
2173759
4418368
1528288
273222
856545
2992968
4008778
19475279
3844950
371543
469854
2239328
2014352
437096
9366378
6241426
32271214
2157423
8891249
23096178
1566526
1387383
63843193
19262330
13584191
1642986
6225046
21834634
3189644
23815453
5909390
3822061
4615058
3882617
138459063
156478360
1223578
56373743
22096796
5794717
12675999
3894178
45296547
1174436
45188934
56568742
13101992
64668
6876076
273326
11348911
2273779
3566516
2616245
48180150
17748608
15756223
27590
5318476
9923530
338895
15723473
1502163
4205527
93144
13872090
3369947
1862620
27613
498853
355296
5516258
1862629
6463683
1165137
3156969
18263019
1420272
4729845
49343478
879609
224252
15543293
13087233
5684396
3779594
52873047
13118477
1076238
2747407
781329
14052374
486423
6335513
3042330
2059291
13975069
20048925
2108449
3196763
3877924
30420007
165801003
240685
617518
18279472
27697
2747447
896059
8087833
35220541
2437416
6908994
18590788
22162502
4697160
21015629
16416975
224335
2776248
196258899
2223188
1371224
1567834
289884
7355
1371237
2042988
3297810
2485358
109679
1304424
14067561
191610
535679
2829441
107588739
191630
142421137
19131538
49298627
2000750
1666200
138947737
4041882
781468
1715358
7859361
129182883
11594927
2481352
126151859
1387700
20573365
11446
17394871
1010872
2944186
12831
32490349
875722
76991
10448064
6581442
965835
4163446
10218694
35220679
1797320
7957705
8039627
2587853
1289424
60626
9809107
109780
2940110
52686039
2878680
20917465
2419934
3386159
19229924
83242213
797927
1879274
552171
8350956
3235026
12594416
101887217
2026738
7428251
6581493
5589697
796543
224510
10677503
1682690
92574251
7875844
16550099
584967
1223946
17149196
3583245
158990
2469137
640899
679067
77078
290071
1600792
3337498
1519783
10548735
39546146
191780
2174248
5418281
71970090
1649963
2014611
61009197
5008686
243707
195964208
73320328
7574067
4533556
965854
28962106
159035
2387262
2534720
2927941
51965255
32353611
929103
66268498
11939155
503126
5287258
5385567
3419489
1174883
1092966
60775
2567528
10497385
1797482
1388850
31239535
2895216
1498344
2452851
17804667
9366911
2223489
2071787
12447109
90107270
1203721
3648904
187936138
19737996
15314317
8122947
227941614
2638741
14921114
339355
9563548
3632541
9096049
5506971
9088420
70397350
3419561
332359
8154541
9366959
6254003
8842676
583582
1137137
15773112
454074
87502267
3222974
57929151
186871234
100582346
1224132
8980385
19492299
10546637
1437134
2354639
137096656
5860817
93664087
2747863
12800591
124644828
142813
84045278
4605862
3337702
150253031
650728
13577706
1617387
388588
798190
16271272
2141683
867582
244051446
9335555
2027001
233893375
2289152
11333121
44546
140488195
22015495
126472
4009481
26045962
51916299
13315596
3386893
143027728
4660483
4533780
18312725
3304984
43855387
5205533
8121892
867590
1420839
15019560
2879018
2141739
8777260
44590
641978
147605427
3763770
142908
6286910
205738425
23932482
1752331
7325622
847430
2158151
95137352
1928778
12430923
41922124
13430353
35794514
10415699
3501654
10481243
12512860
33451613
3829345
26455650
2092643
258662
12529254
3911272
306793
7532140
2633326
241263
13004401
15987088
11339710
1240695
1764985
568956
159358
2561824
1617537
8789449
82341508
88813189
77450
31747724
1650318
8416913
7401110
24080026
1781403
13594269
4498581
1076897
2600611
6696612
26566
1928870
159400
10575132
140062378
7499435
5680812
12185264
19621832
1502884
143030
16592567
856692
6692127
2846398
16670064
28470976
12109771
3501764
14708421
3469000
1558476
52032119
1044172
82505421
356046
1928911
20049616
94841
9301723
1568476
896733
14297040
120237794
5337723
165477670
1257191
2338536
44777
4353771
110317
863982
847599
2584306
89059060
48738037
4370166
2891049
7171833
91057914
3223053
1126141
10301183
2535169
241410
13971203
9449220
56620
4452108
5604445
77583
17952528
1519378
3428995
6532889
12300059
634654
126758
85077800
2910172
26589
51719980
7609
4941039
7909169
3145011
1225353
1552184
65248564
479738
2322235
94015
14200640
2672677
651916
1273675
690146
4697939
13070164
159575
986785
14577498
847709
1093470
1421055
1774224
13780831
1748835
814949
18902888
39796028
1552236
405358
6514664
4779894
1224568
4878202
2944891
2453372
19029312
798594
13348739
21901188
101920645
2060171
7253901
51376014
22572943
44945
1154371
421782
8482714
200732572
216117149
12332960
16691109
3780519
43675560
83341225
4435884
634797
17608624
18083766
23392190
211054527
19247043
2846660
5828549
5238726
16871367
23137758
1585104
13797368
1634258
4166307
18100180
39317461
31387606
26587097
10956762
3731420
5550046
307167
2686288
71626722
10235
2944996
15089646
241642
3117735
201961453
1110001
32597
1945593
7237626
18264746
2781182
253554687
1519616
4517889
2945027
11284485
965543
2469902
3977231
3928082
112242708
78298457
2158618
61468
1732638
1585183
1847332
76072966
39759911
9531432
95514665
95825962
13987885
42872878
1830961
217404083
274485
133657
11574623
208956
454718
38563903
63670272
536643
4905041
1192007
1699912
1624076
3993675
136818767
35222200
12680547
20588558
225367
2388057
16035930
1060955
7106654
6708581
7925858
1585251
18127449
1847399
14545009
3551347
7467124
57701054
13283449
1470586
3035839
2841963
106253
2533398
602247
454794
112606573
27652242
2158739
60734830
78383129
798872
46903451
1312794
17920159
53768352
569505
41562274
5828771
203092132
651431
64893097
3682475
9236653
2224303
217129518
78001
44593331
2257076
5449758
4559561
8040632
9416890
5877947
11317436
5835779
520387
2945222
13496519
487626
78029
5402830
61649
930002
9941203
105181398
2258510
1355995
1372380
1306846
1503455
13212365
13431012
14004453
78054
60633319
20312296
12521
1667307
7106796
2257134
5299581
3131432
14823666
1094355
3961077
13166633
98791672
702014
1339645
8134016
7041285
164245766
2409633
8499230
8728844
154464526
5119363
2672686
5402902
798999
848156
1585438
255422751
10072357
1468465
15462696
1808967
74027741
1940872
12497202
635187
1880376
1681460
3322171
2519356
4496778
405824
3862850
908771
4878662
4884535
12620
7369037
4927822
342782
831825
213512531
15937879
1405273
15020379
13840732
7319901
161572234
1388895
1651041
133673316
14152037
1847656
160105
60344381
231914117
1880433
2006419
717174
27141191
43397499
422269
9215381
1927232
6648194
12675
1388932
127365
1978758
51638669
24064400
2847121
5894549
1397069
733592
7653444
16658843
651676
16363933
5304736
127395
4108708
225701
3060134
813844
13988266
1732024
12284332
930224
23720372
109818295
10760634
102415775
12732
1438141
171119349
1372609
5157314
30405059
784401
6386422
3798648
6631882
6091211
1850786
14021072
91632081
1596835
267121110
692985
100135385
18772443
59306461
181170660
5468646
6304231
9204201
602602
89898
3125740
143855
33796595
2208245
1134110
9728508
79166890
18788863
1159681
13060182
5140998
5190401
16937480
1389069
6941105
219312899
2814488
2945562
2404891
6222364
67842821
115978784
1110561
13693475
2339365
2044454
3797543
3764776
3256874
225835
3218866
1077806
668208
13775409
164180533
529161
733753
903264
2028099
94977991
22356047
2110030
9614093
16691793
16773715
4797012
3404375
2437720
6648139
3371791
1815132
82588256
1208931
214233700
14774885
160358
10465897
21590634
147889472
5714546
58372883
2126452
6451831
160377
1488186
1847934
9892484
1372809
9564812
9548430
7660164
13677205
6582934
10695450
37843614
1359301
1241760
14578337
2306722
241873571
733862
3074161
187183786
3358151
3257004
94897
213037746
14119607
1536696
4158239
1667774
15643327
5026498
324291
26522309
8360737
1756061
455374
10121935
881360
90223315
6042326
111319
57848538
2601694
504613
7402211
10154729
13153002
51262189
209646
62433405
29424
291570
50011603
1110772
20476661
324342
35533560
3513812
147239680
74363649
1504002
2290435
586500
122155781
4420359
1385813
94393132
3797771
18192162
136835854
9335567
4109073
32043794
74429203
2421524
2552599
66581272
9564953
2290458
2421531
136573724
818650
78623
17937184
537378
3038683
42054436
979749
9106225
120386344
422700
1389357
2905570
26702643
471861
1569590
2257721
209722
19673917
42742590
267061
95045
7110113
9794376
832330
16085836
3584847
78820176
652114
2208595
5059413
5092183
40252250
265906319
2716508
7164730
42050954
18592607
1569639
155111
8706565
914287
160624
3617598
5335519
5594601
1028985
288052
173192059
62333
59995006
2175873
8922964
121615236
175305606
1553288
4633482
10859405
13284241
2782103
308124
14201758
3699525
21820324
1012645
1553318
96184476
1487786
2908302
3863472
47788977
6206387
3863477
176599991
27636664
2519993
2421693
472002
1176515
1717189
10564217
7271368
5927756
20378570
22164430
1635279
8893393
1405906
6288339
1930198
4696228
18871258
996315
832477
865246
20657120
865250
1946595
799717
6632426
2035400
7535
340982
20872670
4174842
2143227
6812670
84866047
19739648
1280171
1307658
18314071
105395214
3677699
6403096
5235686
33207322
13486255
27521882
1537060
229274662
67761
1799004
5862442
78754859
2705356
21443629
816174
3887965
914483
18335249
259126
1007113
177209
2503740
422974
521282
6321219
11400262
898120
36418635
6075469
204911696
1201780
193621
29782
914519
635992
1646095
24081500
27587681
2323557
898150
93093393
799848
20351164
4002663
2847854
373871
1629504
19772529
3028082
1012851
2749556
1373302
4781178
4641642
504958
2831489
5354626
1528683
141224129
20946455
488589
34681999
194964
1733778
3142804
18871449
291995
3339425
3781797
1422502
5165937
816296
43644073
41202860
2110638
717999
25081009
1553587
1045684
21099706
3158901
1258690
1356995
28423365
62662
996551
29900
14575821
182645970
2694691
24343765
33748182
2356439
5616858
54899934
6141151
1996000
24704225
21541755
5436644
6337774
3134333
2497125
4835539
163156863
2159868
963839
767234
5086833
8992005
1645876
2209033
10614027
3945740
2929935
12367121
146519
1754049
8713492
832789
8434967
2618649
2848026
2014767
8594193
44610845
516628
2684193
247602737
1301080
32830761
2716974
1406256
1291571
2766132
5455412
1799482
3175739
1580597
8992066
20051270
2094412
3552590
4207951
46416
13317460
1750357
832855
53704024
1659791
18134365
5714703
3683681
11105638
10564967
2520424
246792255
161131
68416876
7533935
3536242
6075763
1029492
2225526
11957624
32729634
19281276
488829
35051
1996164
1045893
7665032
42218889
8926602
11613579
800141
2667919
10335632
10335635
4109717
7730582
1947032
16889242
2438556
4257181
865694
3192226
8623003
121189799
2078122
112048
12983880
206714291
6337438
3093942
6157752
41596345
80499615
19379644
5537977
87569855
3896768
7665089
8500907
5749764
46535
26179018
45495755
619981
13317585
22443476
6370212
1545340
1390051
95718
2069415
5158381
42415599
194033
16154195
2586102
38385143
11236858
6600187
2389502
5780991
865794
37664260
2547286
15955466
48379403
79372
112147
79380
1439256
14136857
2717210
38581790
783903
2045476
95781
1618865
6094428
2078253
545716
6733407
2946620
17577533
63038
9860672
3585605
8762951
374346
3253667
1111630
982640
10073016
12252755
11253332
5273178
10909278
163264099
178805563
4404838
2094699
161388
4039539
128625
5273202
35878515
7960180
20756088
237785
964226
2111107
81344132
2078342
5928584
18200202
177803
164276513
1111693
243344
2340498
554643
41662100
854297
21198488
3380164
11400860
1029789
8861343
1111713
2291363
2455204
56243877
1013415
341672
95914
12842667
81098163
470743
9128221
63076020
439990
2864825
7288506
118601404
6239178
292545
607135
1029831
4650697
2586314
18020044
1406669
1779009
210641
52852438
2242263
2291417
2488027
3045084
7607248
390886
2143185
2520815
25622256
2242290
128757
14300918
15990434
6649594
15152892
13821021
46849
8091395
1275652
41105158
86374152
173659095
206010125
5256976
8337170
1586963
108427028
505621
2193174
3782424
1554202
9761754
112415
13039395
931621
2602793
7847332
36550445
227118
11219933
63280
2701105
1878323
41137972
28702518
259895
70235961
893015
614026
800574
5764928
931649
25626934
10729287
128840
1734474
1947468
1537869
14159
27719505
24147794
1447310
1845561
423768
14186329
4732762
5535580
2471773
1782757
11777888
1574912
50919267
5207909
4011879
10942312
134113596
55949167
227185
1783667
18274719
1980279
423800
472954
1337663
4601724
6960106
8484740
3782536
70842249
1292170
52131724
1829186
6207375
6813584
1718162
3028883
58278822
8800580
5601178
1816476
3438494
24590240
735137
2258851
7927716
181041067
18184109
325551
16103346
14349299
2045879
79800
5666746
1406910
2357183
276416
94336965
234780620
10418125
1685454
9041877
227286
3471320
1505242
227291
9943004
735201
41777122
3323878
115045
2078697
161770
3377490
3412989
354643
1603575
96942073
505850
7287807
1013756
1226751
1685507
1567062
3817796
2324489
8271886
522255
1013777
1521684
1964055
129049
1718299
3782689
2586662
16463912
23394348
9254957
27555886
77183026
13563958
2603065
21166139
1407036
268089405
89274435
4782148
800838
8057384
2455624
14186571
13334608
358481
966329
1554520
728625
79966
2308193
833636
12268056
54289
2127976
4325052
8648810
2029677
115062896
17365105
10033422
63977592
882809
2340986
11860091
2308221
1751166
132200576
4775616
47234
25534562
3127433
915600
693272
2013331
9926806
68728983
2308250
1734811
2439325
9926816
14497
62094513
1587372
2095278
15988911
129201
10062195
18823348
463668
4257977
11107642
86030525
7305407
2093416
981189
227532
18617891
817363
7780565
2648657
227544
14553
1997021
11679967
833761
15972580
1177829
129255
137541869
214333679
269056240
77543665
2363873
964853
4782327
9648376
801017
17398013
21707012
2505175
24131847
12482825
14602
45743831
5208333
14603309
1898769
14616
239122713
325914
2324763
2440922
56260895
7207200
98957602
2930982
407854
915761
1111091
4143415
14072120
1521978
22116669
1685822
202897729
997700
522566
1898826
7928141
13584781
3045716
11286873
4553053
1259870
1259871
7289186
218446179
3783014
59373927
2334439
5286290
1538414
3717487
3914098
1325427
16311
1800567
5224825
173914491
1177980
2095485
14718
157022591
2118919
14722
23607683
2587012
2439560
1277676
3324298
17693071
13038659
20052372
5847446
9632153
1014171
6027677
2619807
2193824
4816624
2406818
204245403
6026310
14758
48200103
178301340
54720939
4110765
2701742
32815535
112022600
25660052
2587060
36436406
8714679
9730489
13613500
7977408
11581891
3520968
14794
175372747
134003150
10425421
11905443
232192468
5863893
14806
14807
2013657
18708955
12958172
3308000
8918096
679675
2027813
47590
10631655
6191592
11172330
1227246
3395856
3271080
3127795
883188
3160565
1968553
11680249
8944123
2851617
19085822
11443968
1030658
8178092
8337931
734861
3471890
23362070
440863
2177569
1292834
408099
14885
1964582
14903729
685148
2439722
1473069
1447005
11909680
4499891
21576255
237189697
19708482
11205187
1489476
9222726
16621681
2472520
663308
768587
1491526
4248674
2652751
7731799
3766872
151091803
1604189
899678
1620575
12122721
121879139
2405478
916072
1948265
2012264
3273833
3603064
1145465
40630909
3652222
13073023
7604672
1096324
12991109
21775636
14983
5356173
670356
2177686
3193498
86162076
3078813
204454558
7907781
128112
6929059
572068
3959238
457383
8649387
1430642
5421744
3619507
801462
3336649
4831928
5236
15036
2554557
562293
506562
19954371
151196790
2620102
2947783
175831757
47824
4324049
15060
6044374
3914455
2259672
703194
42334939
5356256
18086626
15076
2325221
3193574
64233
99449578
86620908
15086
14269167
393000
1424119
8977149
4218266
2833151
27704068
3898117
80646
6763649
218462987
7437068
1701575
1440528
24689425
1398241
1511173
164409255
555798
228123
2915100
97054
3275552
5032411
1522468
1782865
326442
2471047
6617900
965422
146224
604977
23427895
129848
22444857
1751867
88700
2898751
6486849
6323010
1861973
7142216
13252335
57506634
2014034
67418963
1162069
110017369
6503260
15351610
24542046
4106725
1220935
15209
1047406
31600
2440049
2751346
1276793
101350267
13433727
244890496
155973732
1162119
86031244
3455885
201821
132085179
1588116
15878638
7617432
1768345
307661
10615708
1588126
3373985
3586978
1751971
113572
1276838
3701671
3079080
9321385
95201778
15056712
133564291
9878455
2259896
10856162
48888773
14914721
839830
228306
15316
136579577
23534206
2603996
1014749
105413601
3193826
3685349
147749863
145767401
2077863
96009196
1859410
1129455
8469490
21642228
127155190
5258239
7928832
3161089
4570114
326660
84309164
80559116
12385293
231848974
1211407
103054353
1408019
2866196
9239576
2882586
2391068
25812826
343071
343075
5733417
228396
3079213
16792623
167296048
3652659
474164
28654645
16776247
2150
1430709
1872906
4553793
199113796
64581
15720289
20003913
6356042
2161739
116653133
5241935
255293
4914964
5215417
2693758
2785124
433218
6796474
867423
1195104
5749860
2636901
13253735
2587754
4701291
5605906
654451
2145396
1457270
3341431
507000
308214
1506432
1889472
12483715
818310
294025
744358
24783899
326802
48275
18791572
4848790
18660503
1309848
48283
1113244
63175840
326817
1080484
5526726
58506406
5061801
180947676
8797356
35159213
7290030
22431955
3383155
25658733
53361846
25803967
31259840
2014401
5094595
3767493
769223
86342857
5323979
1080525
95321295
539860
5749975
33094872
15578
2571484
6913245
16645342
261343
3652833
55655650
584230
15592
12254441
1866986
2391277
17562863
16415986
2858878
18005240
2178298
8862972
1211645
39255294
3514240
3238443
2702598
3328556
1735946
6583511
6307085
1948943
8977680
507157
1277206
83295511
6094105
12418331
21347616
8813857
12041507
1703205
12041510
158157361
3145001
7781675
4783404
2337330
5324083
228660
3341622
4865335
5012792
1210585
687420
2866495
2932032
3784004
49757509
15693
5160270
19496272
2784594
808163
2768212
3652949
1649209
4275544
2766052
2080091
6176095
88472931
4848997
66452838
174128487
9289066
44776811
10873145
77512594
224329070
1867119
14302582
2047355
3046780
125812093
4046206
2882945
4046213
1424774
51964482
5225871
10665360
85376401
4126841
40877459
1647040
1714259
1539480
26072161
32783772
572829
1086536
175422879
327072
5476907
1424802
8863139
31702436
1686954
14513394
3374514
26785011
123278
245175
884152
97664441
202980796
3426890
5061733
30342592
2244034
1821259
65699268
7323077
23830433
99728840
294347
2014674
97748
139296217
2457050
1244637
8535518
7421408
190515792
1654244
4718054
9747943
540136
3208444
63983304
2309613
5864943
70778353
15859
5275124
146933
15564281
783615
3489277
90258943
2768384
8961538
1858723
97800
8207886
7470607
21069328
625240
2997778
11845141
3542883
193838621
196126
1326623
4685344
26124208
28900899
138591781
26590758
794545
18644520
4166919
3554860
1392175
54410802
5127732
5340727
25624120
2784827
5275199
14876224
7465568
68244747
7093828
19095478
58719815
17710664
228938
130999
9177698
182943310
7683667
1539669
884310
835162
2031195
1767071
4406877
85879544
32351
19447395
949860
15821062
10190440
38026857
2670189
142392944
1818227
135921268
1293941
5815928
41481492
3784317
179839
3178432
163460
245381
87981703
151109257
2260619
855979
802447
654992
46300820
1867413
31719065
21528218
20348577
720546
63372965
11386534
523944
982697
327339
6078125
19234478
154255023
72253105
3435123
16052
671413
3194551
4161208
5171828
14794427
23428796
2752192
14073541
2703049
8527171
31424204
16077
2666166
1460856
8371923
1408724
6815445
671446
157105879
6404378
1326814
150683359
147171
6733542
1736423
23035624
24379114
1720043
28360
2359022
19709679
3198093
5215528
6389495
6373113
18120445
3194623
27623169
2146051
1588996
29785861
8158982
38862602
11517708
5887277
130833
2260756
3058308
15395461
10829600
147235
1441572
131792678
196392
11575260
21921579
98092
14024494
25193096
1851187
5668660
10911543
163640
13620
186400570
16192
1567371
3931972
2522950
966471
769864
14384972
6103011
90180238
4124968
22331223
2096989
11141065
1408863
1198736
49545060
245605
191121
5685096
16237
720754
5881715
2512190
145358713
204896765
3374972
28082154
3372133
2047872
475010
27213700
7094153
3309455
11435922
33800084
49134
12943255
211976088
5624772
130974
9553386
93044643
7487396
901029
2064297
2359211
2113453
3478172
3538865
688055
17973092
294842
846495
442304
18233319
3817412
229319
2080713
1032140
1228751
147448
3424210
1556436
180181
917465
701775
3211230
10534879
2785275
2162660
21839850
442348
16366
245745
4101459
163830
196600
393209
12917343
13418491
2031612
