34603008
795650
11284485
269318
62082060
2531853
4132879
1559568
4533780
23249430
2882586
696862
4685344
2535460
162346758
177190
227879
17920159
2078253
42872878
543283
858676
733753
27748448
14002242
3442243
173344836
7979617
6945804
374346
264260621
204911696
358481
974934
5749860
1013407
609886
4587616
143027728
121879139
155973732
25945701
56423
2663022
13283449
3029114
14325373
535679
1616000
25453187
16771350
5927756
16771436
22158474
8918141
83464674
6420090
17748446
7533935
1623711
326817
352418
3908777
7499435
1721006
6138546
41714547
215070
14119607
1870769
4559561
1154371
6698445
1934546
10031833
8334043
157221084
194537181
1728738
17804667
189157
67802855
20312296
10154729
241439271
5277394
422269
12594416
14823666
89059060
801017
52225787
3131132
17398013
1421055
80646
15425801
10614027
77583
1190161
795410
2193174
3167961
2566425
1417498
9128221
4158239
13098273
6908994
15205862
326442
213683421
41623859
20872670
10913162
3617598
2564419
598924
1273675
886092
15693
3552590
113534287
2686288
397651
17776980
798557
1970527
1357152
4335458
1239526
2923
15635820
1867119
9096049
11674995
1257
326521
472954
173914491
20334973
1646463
6936449
314248
2295178
383372
51008066
6229391
13038659
3055512
173560729
269056240
93044643
17040294
3079080
18277227
1859743
47788977
2380214
304713
2033080
8311738
1894843
202980796
1928778
2150846
829384
53193
2908834
2580387
9951188
4695374
14807
1505242
5032411
142813
81289694
19650018
6523283
3072998
1782865
4656380
161770
213512531
49436151
15314317
22947668
37370
34300
89283069
18788863
